0.0010515247108307 13
0.0014265335235378 24
0.0015386509108813 25
0.0021996314131146 37
0.0023698160274400 38
0.0036630036630037 11
0.0123210123210123 37
0.0032947666845452 43
0.0042064574806730 37
0.0049149840595112 37
0.0041834398926514 53
0.0058968842138816 74
0.0047612279704377 67
0.0056827540767584 69
0.0056202010607140 71
0.0054718536841316 73
0.0065872020075282 84
0.0075673680324843 82
0.0141728333124294 113
0.0082817399694460 103
0.0084758041147493 117
0.0067567567567568 113
0.0069282648681790 113
0.0120720158185035 116
0.0076140218620430 101
0.0130333073409825 117
0.0089862398202752 128
0.0104022829789193 113
0.0101454974439638 129
0.0090221897098269 148
